latitude,longitude,year,month,natural_acres_burned,human_acres_burned,unknown_acres_burned
34.0,-111.5,2009,3,0.0,0.1,0.0
37.5,-89.0,2009,3,0.0,1238.1,0.0
37.0,-89.5,2009,3,0.0,1.0,0.0
36.0,-82.0,2009,3,0.0,34.7,0.0
33.0,-111.5,2009,3,0.0,0.51,0.0
35.0,-84.0,2009,3,0.0,176.35,0.0
34.5,-84.0,2009,3,0.0,27.31,0.0
37.5,-89.5,2009,3,0.0,6.0,0.0
34.5,-93.5,2009,3,0.0,383.0,0.0
34.5,-85.0,2009,3,0.0,33.379999999999995,0.0
34.0,-95.0,2009,3,0.0,280.0,0.0
38.0,-87.0,2009,3,0.0,34.5,0.0
38.0,-86.5,2009,3,0.0,28.0,0.0
38.5,-86.5,2009,3,0.0,33.75,0.0
37.0,-84.0,2009,3,0.0,1233.0,0.0
37.0,-83.5,2009,3,0.0,790.25,0.0
35.0,-101.0,2009,3,0.0,35.0,0.0
35.5,-100.0,2009,3,334.0,1.7,0.0
34.5,-83.5,2009,3,0.0,20.9,0.0
33.0,-83.5,2009,3,0.0,86.74000000000002,0.0
31.0,-111.0,2009,3,0.0,2.4,0.0
37.5,-91.5,2009,3,144.0,1007.65,0.0
37.5,-91.0,2009,3,0.0,320.0,0.0
31.5,-94.0,2009,3,0.0,82.2,49.75
35.0,-85.0,2009,3,0.0,74.2,0.0
36.0,-82.5,2009,3,0.0,191.4,0.0
35.5,-83.5,2009,3,0.0,35.7,0.1
35.0,-84.5,2009,3,0.0,170.49999999999997,40.0
39.5,-121.0,2009,3,0.0,0.35,0.0
35.5,-94.5,2009,3,0.0,129.0,0.0
36.5,-93.5,2009,3,0.0,289.79,0.0
32.5,-106.0,2009,3,0.0,4.34,0.0
40.0,-123.5,2009,3,0.0,0.7,0.0
31.0,-93.0,2009,3,0.0,7.0,104.4
31.0,-93.5,2009,3,0.0,386.0,56.80000000000001
37.0,-89.0,2009,3,0.0,148.14999999999995,0.0
30.5,-93.5,2009,3,0.0,450.0,420.5
31.5,-93.0,2009,3,0.0,58.0,15.4
38.5,-79.5,2009,3,0.0,28.8,0.0
43.5,-116.5,2009,3,0.0,0.1,0.0
37.5,-80.0,2009,3,0.0,3.3,0.0
37.5,-88.5,2009,3,0.0,117.0,0.0
43.0,-86.0,2009,3,0.0,1.7000000000000002,0.0
43.5,-86.0,2009,3,0.0,0.45,0.0
35.5,-83.0,2009,3,0.0,91.3,0.0
36.0,-83.0,2009,3,0.0,25.25,0.0
39.0,-86.5,2009,3,0.0,15.1,0.0
38.5,-87.0,2009,3,0.0,4.0,0.0
37.0,-91.5,2009,3,0.0,44.5,0.0
44.0,-86.0,2009,3,0.0,0.1,0.0
34.5,-85.5,2009,3,0.0,967.3700000000003,0.0
36.5,-93.0,2009,3,0.0,65.30999999999999,287.0
36.5,-91.5,2009,3,0.0,18.0,0.0
36.5,-92.5,2009,3,0.0,230.5,0.0
37.0,-91.0,2009,3,0.0,82.0,0.0
37.5,-92.5,2009,3,0.0,80.0,0.0
34.5,-77.0,2009,3,0.0,9.9,0.0
34.5,-95.0,2009,3,0.0,804.1500000000002,120.0
33.0,-80.0,2009,3,0.0,145.2,0.0
34.5,-94.0,2009,3,15.0,19.0,0.0
37.0,-84.5,2009,3,0.0,825.0,110.0
33.5,-108.5,2009,3,19.1,0.0,0.0
37.0,-92.5,2009,3,0.0,61.0,0.0
37.0,-88.5,2009,3,0.1,96.11,0.0
35.0,-83.5,2009,3,0.0,687.9000000000003,0.0
36.5,-84.5,2009,3,0.0,597.1,0.0
31.0,-92.5,2009,3,0.0,164.0,9.21
34.0,-109.5,2009,3,0.0,11.8,0.0
29.0,-82.0,2009,3,2.5,10147.48,0.1
30.0,-82.5,2009,3,22.0,395.4,0.0
37.5,-92.0,2009,3,0.0,64.0,0.0
31.5,-111.0,2009,3,0.0,73.3,0.0
34.0,-118.0,2009,3,0.0,0.30000000000000004,0.0
40.5,-123.5,2009,3,0.0,1.1,0.0
35.5,-82.5,2009,3,0.0,512.7,0.0
37.5,-84.0,2009,3,0.0,262.0,0.0
44.0,-122.0,2009,3,0.0,0.1,0.0
34.0,-82.5,2009,3,0.0,12.1,0.0
44.0,-84.0,2009,3,0.0,5.0,0.0
33.5,-112.0,2009,3,0.0,0.01,0.0
34.0,-112.0,2009,3,0.2,0.0,0.0
37.5,-80.5,2009,3,0.0,31.8,0.0
34.0,-85.5,2009,3,0.0,170.16000000000003,0.0
32.5,-93.5,2009,3,0.0,4.0,24.4
32.0,-93.0,2009,3,0.0,80.0,61.0
34.5,-111.5,2009,3,0.0,3.25,0.0
31.0,-110.5,2009,3,0.0,90.1,0.0
33.0,-79.5,2009,3,0.0,77.1,0.0
34.5,-112.0,2009,3,0.0,4.1,0.0
30.5,-95.5,2009,3,0.0,35.3,0.0
31.0,-95.5,2009,3,0.0,14.8,0.0
36.5,-85.0,2009,3,0.0,218.0,0.0
43.5,-121.5,2009,3,0.0,0.2,0.0
34.0,-118.5,2009,3,0.0,0.1,0.0
43.5,-102.5,2009,3,0.0,20.2,520.0
38.5,-80.0,2009,3,0.0,283.1,6.0
45.5,-91.0,2009,3,0.0,0.7,0.0
45.5,-89.0,2009,3,0.0,5.300000000000002,0.0
39.0,-105.5,2009,3,0.0,5.0,0.0
37.5,-105.5,2009,3,0.0,0.05,0.0
35.0,-83.0,2009,3,0.0,22.1,0.0
34.5,-119.5,2009,3,0.0,0.01,0.0
40.5,-122.0,2009,3,0.0,0.1,0.0
34.0,-117.0,2009,3,0.0,2.0,0.0
35.0,-112.0,2009,3,0.1,0.1,0.0
39.0,-121.5,2009,3,0.0,3.35,0.1
39.0,-120.5,2009,3,0.0,0.2,0.0
39.0,-121.0,2009,3,0.0,1.35,0.0
34.0,-117.5,2009,3,0.0,0.5,0.0
35.0,-111.5,2009,3,0.0,17.7,0.0
35.5,-82.0,2009,3,0.0,15.2,0.0
33.5,-117.5,2009,3,0.0,16.5,0.0
32.5,-117.0,2009,3,0.0,7.2,0.0
41.0,-122.5,2009,3,0.0,0.1,1.0
38.5,-83.0,2009,3,0.0,638.9,226.75
31.0,-94.5,2009,3,0.0,30.5,0.0
31.0,-95.0,2009,3,0.0,141.5,0.0
38.5,-82.5,2009,3,0.0,102.2,311.0
39.0,-82.5,2009,3,0.0,41.01,1.5
39.5,-82.5,2009,3,0.0,18.0,0.0
39.0,-81.5,2009,3,0.0,31.0,2.0
31.0,-111.5,2009,3,0.0,2455.0,0.0
31.5,-109.5,2009,3,0.0,16828.0,0.0
35.5,-119.0,2009,3,0.0,0.1,0.0
34.5,-113.0,2009,3,0.0,0.1,0.0
41.0,-124.0,2009,3,0.0,14.9,0.0
33.5,-117.0,2009,3,0.0,0.4,0.0
42.5,-104.0,2009,3,340.0,0.0,0.0
33.0,-108.5,2009,3,0.0,1.3,0.0
33.0,-108.0,2009,3,0.0,2.0,0.0
37.0,-81.5,2009,3,0.0,130.9,0.0
44.0,-103.5,2009,3,0.0,4453.08,0.1
30.0,-83.0,2009,3,0.0,45.1,0.0
35.5,-93.0,2009,3,0.0,662.5,0.0
30.0,-84.5,2009,3,0.0,12.2,16.6
30.0,-85.0,2009,3,0.0,77.5,1.0
29.5,-85.0,2009,3,0.0,1352.0,0.0
32.5,-110.0,2009,3,0.0,0.1,0.0
40.5,-104.5,2009,3,0.0,5.0,0.0
39.5,-105.5,2009,3,0.0,0.1,0.0
33.5,-82.5,2009,3,0.0,24.9,0.0
36.5,-94.0,2009,3,0.0,12.0,0.0
33.0,-86.5,2009,3,0.0,653.3,0.0
31.0,-87.0,2009,3,0.0,73.63,0.0
33.5,-86.0,2009,3,0.0,163.95,0.0
34.0,-87.5,2009,3,0.0,54.1,0.0
32.5,-86.0,2009,3,0.0,92.55,0.0
30.5,-89.5,2009,3,0.0,110.7,1449.0
31.0,-89.5,2009,3,0.0,169.05,184.0
30.5,-89.0,2009,3,0.0,229.0,523.0
31.0,-89.0,2009,3,0.0,103.4,334.0
32.0,-89.5,2009,3,0.0,1.8,35.0
31.5,-89.0,2009,3,0.0,100.0,214.0
31.0,-91.0,2009,3,0.0,0.5,150.0
31.0,-91.5,2009,3,0.0,205.0,122.0
34.5,-89.5,2009,3,0.0,87.0,3.0
33.5,-90.0,2009,3,0.0,40.1,344.0
33.0,-81.5,2009,3,0.0,98.1,0.0
33.0,-82.0,2009,3,0.0,133.48000000000002,0.0
34.5,-97.0,2009,3,0.0,359.4000000000001,0.0
34.0,-97.0,2009,3,0.0,1655.0,0.0
35.5,-95.0,2009,3,0.0,1203.3,0.0
36.0,-95.0,2009,3,0.0,6671.0999999999985,0.0
35.5,-95.5,2009,3,0.0,757.4000000000002,2130.0
36.0,-95.5,2009,3,0.0,1436.4,0.0
35.0,-96.5,2009,3,0.0,2570.0,0.0
35.0,-96.0,2009,3,0.0,1071.8,0.0
35.5,-96.5,2009,3,0.0,3485.0,0.0
35.5,-97.0,2009,3,0.0,3000.0,0.0
35.5,-96.0,2009,3,0.0,139.1,0.0
36.0,-96.5,2009,3,0.0,19578.6,0.0
36.5,-97.0,2009,3,0.0,809.7,0.0
36.5,-96.5,2009,3,18.7,12900.4,0.0
34.5,-96.0,2009,3,0.0,8362.699999999999,320.0
34.0,-95.5,2009,3,0.0,626.1,0.0
34.5,-95.5,2009,3,0.0,2518.399999999999,330.0
35.0,-95.5,2009,3,0.0,1138.3,0.0
35.0,-97.0,2009,3,0.0,181.6,0.0
26.0,-81.5,2009,3,0.0,24.1,120.0
26.0,-81.0,2009,3,0.0,0.5,0.0
32.5,-89.0,2009,3,0.0,6.0,117.0
42.0,-96.5,2009,3,0.0,278.0,54.0
43.5,-99.5,2009,3,0.0,81.0,0.0
44.0,-100.0,2009,3,0.0,30.1,0.0
44.0,-99.5,2009,3,0.0,129.0,0.0
45.0,-101.5,2009,3,0.0,0.5,0.0
45.0,-101.0,2009,3,0.0,0.1,0.0
43.0,-103.0,2009,3,0.0,31.9,0.0
43.0,-102.5,2009,3,0.0,2.6,0.0
43.0,-101.0,2009,3,0.0,1.4,0.0
43.5,-101.0,2009,3,0.0,0.1,0.0
43.0,-101.5,2009,3,0.0,0.5,0.0
42.5,-98.5,2009,3,0.0,5.0,0.0
43.0,-98.5,2009,3,0.0,1.0,0.0
42.0,-93.0,2009,3,0.0,28.0,37.0
41.5,-93.0,2009,3,0.0,2.0,77.0
44.5,-89.0,2009,3,0.0,4.5,0.0
36.0,-109.0,2009,3,0.0,0.2,0.0
34.5,-109.5,2009,3,0.0,365.0,0.0
37.0,-111.0,2009,3,0.0,0.1,0.0
35.5,-109.5,2009,3,0.0,0.2,0.0
37.0,-110.5,2009,3,0.0,104.0,0.0
35.5,-111.0,2009,3,0.0,0.30000000000000004,0.0
48.0,-119.0,2009,3,0.0,4.1000000000000005,0.0
48.0,-120.0,2009,3,0.0,2.05,0.0
48.0,-118.5,2009,3,0.0,57.5,0.0
47.5,-118.5,2009,3,0.0,0.6,0.0
46.0,-121.0,2009,3,0.0,0.4,0.0
39.0,-123.5,2009,3,0.0,1.2000000000000002,0.0
48.0,-109.0,2009,3,0.0,10.0,0.0
45.5,-107.0,2009,3,0.0,2.0,0.0
45.0,-107.0,2009,3,0.0,0.3,0.0
43.0,-109.0,2009,3,0.0,6.1,0.0
42.5,-109.0,2009,3,0.0,1.2,0.0
42.5,-108.5,2009,3,0.0,4.0,0.0
35.0,-98.5,2009,3,0.0,71.0,0.0
34.5,-98.5,2009,3,0.0,41.0,0.0
34.0,-99.0,2009,3,0.0,395.5,0.0
35.5,-99.0,2009,3,0.0,61.5,52790.0
35.5,-98.5,2009,3,0.0,38.0,0.0
36.0,-99.0,2009,3,0.0,7.0,0.0
35.0,-97.5,2009,3,0.0,23.5,0.0
35.5,-97.5,2009,3,0.0,5.0,0.0
37.0,-108.0,2009,3,0.0,3.1,0.0
37.0,-109.0,2009,3,0.0,0.2,0.0
35.0,-107.5,2009,3,0.0,1.0,0.0
33.0,-106.0,2009,3,0.0,6.65,0.0
35.0,-108.0,2009,3,0.0,8.899999999999997,0.0
34.5,-107.0,2009,3,0.0,40.23,0.0
35.0,-106.5,2009,3,0.0,0.6,0.0
35.5,-106.5,2009,3,0.0,4.5,0.0
35.0,-109.0,2009,3,0.0,0.4,0.0
33.5,-114.5,2009,3,0.0,1.0,0.0
34.0,-114.5,2009,3,0.0,1.5,0.0
32.5,-115.0,2009,3,0.0,25.3,0.0
33.0,-112.0,2009,3,0.0,3.2,0.0
33.0,-112.5,2009,3,0.0,3.5,0.0
32.0,-112.5,2009,3,0.0,3.0,0.0
32.0,-112.0,2009,3,0.0,386.5,0.0
32.0,-111.0,2009,3,0.0,1.0,0.0
31.5,-112.0,2009,3,0.0,248.0,0.0
32.5,-112.0,2009,3,0.0,2.0,0.0
33.0,-111.0,2009,3,0.0,0.5,0.0
33.0,-110.5,2009,3,0.0,8.4,0.0
35.5,-113.5,2009,3,0.0,0.30000000000000004,0.0
35.5,-114.0,2009,3,0.0,0.3,0.0
40.0,-110.0,2009,3,0.0,0.5,0.0
40.0,-110.5,2009,3,0.0,72.32100000000001,0.0
62.0,-153.5,2009,3,0.0,1000.0,0.0
37.0,-112.5,2009,3,0.0,0.1,0.1
36.5,-112.5,2009,3,0.0,0.1,0.0
35.0,-114.5,2009,3,0.0,1.0,0.1
32.5,-113.5,2009,3,0.0,470.0,0.0
34.0,-113.5,2009,3,0.0,0.1,0.0
34.5,-114.0,2009,3,0.0,1.0,0.0
32.5,-112.5,2009,3,0.0,0.5,0.0
33.5,-112.5,2009,3,0.0,0.1,0.0
34.0,-112.5,2009,3,0.0,0.3,0.0
37.5,-119.0,2009,3,0.0,0.0,0.1
35.5,-118.0,2009,3,0.0,0.1,0.0
35.0,-118.5,2009,3,0.0,0.0,0.1
40.5,-123.0,2009,3,0.0,1.0,1.0
38.5,-105.5,2009,3,0.0,54.0,0.0
40.5,-109.0,2009,3,0.0,0.3,0.0
40.0,-108.5,2009,3,0.0,0.6,0.0
39.5,-108.0,2009,3,0.0,2.0,0.0
39.0,-109.0,2009,3,0.0,0.1,90.0
39.0,-108.5,2009,3,0.0,0.0,10.0
38.5,-108.5,2009,3,0.0,0.8,0.0
43.0,-114.5,2009,3,0.0,0.1,0.0
46.0,-109.0,2009,3,0.0,0.1,0.0
46.0,-112.5,2009,3,0.0,0.3,0.0
39.5,-119.5,2009,3,1.0,0.1,0.0
39.0,-118.5,2009,3,0.0,0.1,0.0
39.5,-118.0,2009,3,0.0,8.0,0.0
36.0,-115.5,2009,3,0.0,0.1,0.1
32.5,-104.5,2009,3,0.0,1.0,50.0
32.0,-104.5,2009,3,0.0,0.0,10.0
36.5,-108.5,2009,3,0.0,0.0,0.3
31.5,-108.0,2009,3,0.0,0.0,80.5
32.0,-108.5,2009,3,0.0,77.1,0.0
33.0,-104.5,2009,3,1.0,353.0,53.8
43.5,-120.0,2009,3,0.0,0.1,0.0
42.0,-120.5,2009,3,0.0,0.0,0.3
38.0,-109.5,2009,3,0.0,0.1,0.0
47.0,-118.0,2009,3,0.0,1.0,0.0
46.5,-120.5,2009,3,0.0,1.2,0.0
43.5,-106.5,2009,3,0.0,14.5,0.0
42.5,-107.0,2009,3,0.0,0.0,4.0
44.5,-108.5,2009,3,0.0,25.1,30.0
44.0,-108.5,2009,3,0.0,0.0,87.2
32.0,-113.0,2009,3,0.0,0.1,0.0
30.0,-94.5,2009,3,0.0,62.00000000000002,4.0
35.0,-102.0,2009,3,0.0,15.4,63.1
35.5,-101.5,2009,3,0.0,21.1,1275.0
35.0,-101.5,2009,3,0.0,1.5,13.0
35.5,-102.0,2009,3,0.0,501.7,12.9
36.0,-93.0,2009,3,0.0,267.2,0.0
41.5,-87.5,2009,3,0.0,0.8,0.6
40.5,-74.0,2009,3,0.7999999999999999,14.399999999999974,0.0
41.0,-75.5,2009,3,0.0,2.2500000000000004,0.0
38.0,-78.5,2009,3,0.0,18.7,0.0
38.0,-123.0,2009,3,0.1,0.0,0.0
37.5,-123.0,2009,3,0.0,0.1,0.0
41.5,-124.5,2009,3,0.0,0.1,0.0
34.0,-86.0,2009,3,0.0,783.3,0.0
25.5,-81.5,2009,3,0.0,145.5,0.0
25.5,-81.0,2009,3,0.0,3.0,0.2
31.5,-91.5,2009,3,0.0,10.0,41.0
34.5,-88.5,2009,3,0.0,60.3,123.0
33.5,-81.0,2009,3,0.0,122.4,0.0
35.5,-84.0,2009,3,0.0,97.0,0.0
34.5,-87.0,2009,3,0.0,20.8,0.0
39.5,-122.0,2009,3,0.0,2.35,0.0
37.5,-121.5,2009,3,0.0,1.0,0.0
26.0,-82.5,2009,3,0.0,11.7,0.0
26.5,-80.5,2009,3,0.0,0.2,1.0
28.0,-81.0,2009,3,0.0,470.1,0.1
29.5,-84.5,2009,3,0.0,0.0,3.0
30.5,-82.5,2009,3,0.0,395.80000000000007,0.0
32.0,-81.5,2009,3,0.0,175.26000000000005,0.0
41.5,-95.0,2009,3,0.0,0.0,36.0
43.0,-95.5,2009,3,0.0,6.0,21.0
43.5,-112.5,2009,3,0.0,0.0,171.0
38.0,-96.0,2009,3,0.0,9.0,109.0
38.0,-96.5,2009,3,0.0,30.0,0.0
38.0,-95.0,2009,3,0.0,15.3,0.0
38.0,-99.0,2009,3,0.0,177.0,0.0
38.0,-98.5,2009,3,0.0,0.0,588.0
29.5,-94.0,2009,3,0.0,4963.0,0.0
38.0,-76.5,2009,3,0.0,24.6,0.5
44.5,-93.5,2009,3,0.0,200.0,0.0
40.0,-95.5,2009,3,0.0,0.0,1.0
30.0,-88.5,2009,3,0.0,58.1,30.0
30.0,-89.0,2009,3,0.0,1.5,20.5
35.5,-75.5,2009,3,0.0,0.5,0.0
35.5,-77.0,2009,3,0.0,196.1,0.0
40.5,-74.5,2009,3,0.0,92.4499999999998,0.0
40.5,-75.0,2009,3,0.0,8.3,0.0
34.5,-99.0,2009,3,0.0,25.500000000000004,0.0
18.0,-65.5,2009,3,0.0,3.0,7.25
32.5,-80.5,2009,3,0.0,24.500000000000004,0.0
28.0,-97.0,2009,3,0.0,4051.0,0.0
30.5,-98.5,2009,3,0.0,92.75,12.0
30.0,-98.5,2009,3,0.0,21.15,14.0
29.0,-95.5,2009,3,0.0,92.0,0.0
26.0,-97.5,2009,3,0.0,2.0,0.0
26.0,-98.0,2009,3,0.0,78.5,7.0
26.0,-98.5,2009,3,0.0,188.9,381.1
26.5,-98.5,2009,3,0.0,77.6,1500.0
26.0,-99.0,2009,3,0.0,56.25,56.5
26.5,-99.0,2009,3,0.0,201.0,30.0
25.5,-97.5,2009,3,0.0,2.0,0.0
46.5,-120.0,2009,3,0.0,0.0,10.0
46.0,-119.0,2009,3,0.0,0.1,0.0
30.5,-86.5,2009,3,0.0,9.2,9.2
30.5,-87.0,2009,3,0.0,37.6,1.0
30.5,-87.5,2009,3,0.0,15.2,9.5
30.0,-85.5,2009,3,101.0,210.2,12.0
30.5,-85.5,2009,3,0.0,68.4,3.0
30.0,-86.5,2009,3,0.0,126.1,0.1
30.0,-86.0,2009,3,0.0,11.2,0.0
30.5,-86.0,2009,3,0.0,18.4,0.0
29.5,-85.5,2009,3,0.0,84.0,0.0
30.5,-85.0,2009,3,0.0,19.42,21.0
30.5,-84.0,2009,3,0.0,86.09,0.0
30.5,-84.5,2009,3,0.0,118.17,0.0
29.0,-83.5,2009,3,0.0,10.0,0.0
29.5,-84.0,2009,3,0.0,0.1,0.0
29.5,-83.0,2009,3,15.0,7.899999999999999,1.0
30.0,-84.0,2009,3,0.0,8.5,0.0
30.0,-83.5,2009,3,0.0,66.5,2.0
29.5,-83.5,2009,3,0.0,1.2000000000000002,0.0
30.5,-83.5,2009,3,0.0,131.66,6.1
30.5,-83.0,2009,3,0.0,327.95999,0.0
30.0,-82.0,2009,3,0.0,55.6,0.0
29.5,-82.5,2009,3,0.0,318.6,1.3
29.5,-82.0,2009,3,0.0,734.4000000000002,2.1
30.5,-82.0,2009,3,0.0,47.3,0.0
29.0,-82.5,2009,3,18.0,64.4,5.0
28.5,-82.5,2009,3,0.0,700.6,5.9
29.0,-83.0,2009,3,0.0,0.0,4.0
28.5,-82.0,2009,3,0.0,172.8,5.0
28.5,-81.5,2009,3,0.0,172.89999999999995,0.0
29.0,-81.5,2009,3,0.0,1326.3,1097.5
29.5,-81.5,2009,3,0.0,19.5,440.0
28.5,-81.0,2009,3,0.0,116.7,2501.5
29.0,-81.0,2009,3,0.0,4.0,0.0
28.5,-83.0,2009,3,0.0,15.1,0.0
28.0,-83.0,2009,3,7.0,109.7,0.1
28.0,-82.5,2009,3,3.4,729.1999900000002,14.0
28.0,-82.0,2009,3,5.7,56.0,407.5
28.0,-81.5,2009,3,0.0,18.3,0.0
27.5,-81.0,2009,3,0.0,176.0,62.0
27.5,-81.5,2009,3,0.0,179.59999999999997,595.0
27.5,-82.5,2009,3,0.0,231.8,302.3
27.5,-82.0,2009,3,0.0,2996.0,229.4
27.0,-82.5,2009,3,0.1,112.9,789.5
26.5,-82.5,2009,3,0.0,28.3,188.0
27.0,-83.0,2009,3,0.0,1.5,0.0
27.0,-82.0,2009,3,0.0,1037.7,625.3
26.5,-82.0,2009,3,0.0,30.600000000000005,578.6
27.0,-81.5,2009,3,0.0,714.0,15.0
26.5,-81.5,2009,3,0.0,51.3,23.1
27.0,-81.0,2009,3,0.0,486.40001000000007,0.1
27.5,-80.5,2009,3,0.0,22.0,3.7
27.0,-80.5,2009,3,0.0,1.0,0.0
26.0,-82.0,2009,3,0.0,9.0,128.3
25.5,-80.5,2009,3,0.0,164.1,23.0
25.0,-80.5,2009,3,0.0,1.0,0.0
32.0,-85.0,2009,3,0.0,54.98,0.0
32.0,-84.0,2009,3,0.0,142.1,0.0
31.5,-84.0,2009,3,0.0,167.92999999999995,0.0
31.5,-84.5,2009,3,0.0,35.3,0.0
32.5,-85.0,2009,3,0.0,25.94,0.0
32.0,-84.5,2009,3,0.0,212.70001000000002,0.0
31.5,-85.5,2009,3,0.0,29.29,0.0
31.5,-85.0,2009,3,7.0,32.6,0.0
32.5,-84.5,2009,3,0.0,32.11,0.0
31.0,-84.5,2009,3,0.0,207.56,0.0
31.0,-84.0,2009,3,0.0,305.7500100000001,0.0
31.0,-85.0,2009,3,6.2,135.77,0.0
31.0,-83.5,2009,3,0.0,343.41000000000014,0.0
31.5,-83.5,2009,3,0.0,113.67,0.0
34.0,-84.0,2009,3,0.0,14.92,0.0
34.0,-83.5,2009,3,0.0,24.19,0.0
34.0,-84.5,2009,3,0.0,24.0,0.0
34.0,-83.0,2009,3,0.0,5.94,0.0
34.5,-84.5,2009,3,0.0,46.19000000000001,0.0
33.5,-83.5,2009,3,0.0,13.14,0.0
33.5,-84.0,2009,3,0.0,5.750000000000001,0.0
31.5,-82.5,2009,3,0.0,61.15000000000001,0.0
33.0,-83.0,2009,3,0.0,1.98,0.0
33.5,-83.0,2009,3,0.0,133.91,0.0
32.0,-83.5,2009,3,0.0,87.34999999999998,0.0
31.5,-83.0,2009,3,0.0,169.01999999999995,0.0
32.0,-83.0,2009,3,0.0,49.18999999999999,0.0
32.5,-83.0,2009,3,0.0,46.53,0.0
32.5,-83.5,2009,3,0.0,87.52000000000002,0.0
32.0,-82.5,2009,3,0.0,135.13000000000002,0.0
32.5,-84.0,2009,3,0.0,88.6,0.0
33.0,-84.0,2009,3,0.0,9.94,0.0
32.5,-82.5,2009,3,0.0,106.71,0.0
33.0,-84.5,2009,3,0.0,8.059999999999999,0.0
33.5,-85.5,2009,3,0.0,855.23,0.0
33.5,-85.0,2009,3,0.0,24.11,0.0
33.0,-85.0,2009,3,0.0,30.27,0.0
33.0,-85.5,2009,3,0.0,23.75,0.0
33.5,-84.5,2009,3,0.0,0.5,0.0
34.0,-85.0,2009,3,0.0,24.0,0.0
34.5,-86.0,2009,3,0.0,273.99,0.0
32.0,-82.0,2009,3,0.0,109.71999999999998,0.0
32.5,-82.0,2009,3,0.0,155.09000000000003,0.0
31.5,-82.0,2009,3,0.0,77.58,0.0
31.5,-81.5,2009,3,14.0,8.02,0.0
31.0,-82.0,2009,3,0.0,215.25,0.0
31.0,-81.5,2009,3,0.0,2.01,0.0
32.5,-81.5,2009,3,0.0,148.49,0.0
33.0,-82.5,2009,3,0.0,59.6,0.0
31.0,-83.0,2009,3,0.0,37.08,0.0
31.0,-82.5,2009,3,0.0,22.39,0.0
44.5,-84.0,2009,3,0.0,0.75,0.0
46.5,-88.5,2009,3,0.0,1.0,0.0
42.5,-85.5,2009,3,0.0,29.0,0.0
42.5,-86.0,2009,3,0.0,9.7,0.0
44.0,-85.5,2009,3,0.0,6.1,0.0
43.5,-85.0,2009,3,0.0,10.0,0.0
45.5,-87.5,2009,3,0.0,11.1,0.0
43.5,-84.5,2009,3,0.0,3.1,0.0
42.0,-85.0,2009,3,0.0,0.2,0.0
46.0,-87.5,2009,3,0.0,0.1,0.0
44.0,-85.0,2009,3,0.0,4.0,0.0
43.0,-86.5,2009,3,0.0,14.67,0.0
44.5,-84.5,2009,3,0.0,2.1,0.0
44.0,-94.5,2009,3,0.0,1.0,0.0
46.0,-94.0,2009,3,0.0,2.0,0.0
47.5,-92.5,2009,3,0.0,0.1,0.0
45.5,-93.5,2009,3,0.0,12.0,0.0
43.5,-91.5,2009,3,0.0,64.0,0.0
45.5,-94.0,2009,3,0.0,13.6,0.0
45.5,-93.0,2009,3,0.0,1.0,0.0
46.5,-94.0,2009,3,0.0,0.1,0.0
46.0,-93.5,2009,3,0.0,0.5,0.0
47.0,-95.5,2009,3,0.0,0.2,0.0
36.0,-79.5,2009,3,0.0,50.40000000000001,0.0
35.5,-80.0,2009,3,0.0,30.7,0.0
35.5,-81.5,2009,3,0.0,21.5,0.0
36.0,-81.0,2009,3,0.0,6.4,0.0
34.5,-80.5,2009,3,0.0,29.7,0.0
34.5,-80.0,2009,3,0.0,78.89999999999998,0.0
35.5,-80.5,2009,3,0.0,3.9,0.0
36.0,-81.5,2009,3,0.0,5.999999999999999,0.0
36.5,-81.5,2009,3,0.0,9.6,0.0
35.0,-77.0,2009,3,0.0,884.4,0.0
35.5,-77.5,2009,3,0.0,11.4,0.0
36.0,-77.5,2009,3,0.0,4.0,0.0
36.0,-77.0,2009,3,0.0,126.4,0.0
34.5,-79.0,2009,3,0.0,90.3,0.0
34.0,-78.5,2009,3,0.0,163.6,0.0
34.5,-78.5,2009,3,0.0,35.3,0.0
34.0,-79.0,2009,3,0.0,298.1,0.0
33.5,-79.0,2009,3,0.0,54.5,0.0
33.5,-78.5,2009,3,0.0,2.0,0.0
35.5,-79.5,2009,3,0.0,10.9,0.0
35.0,-81.5,2009,3,10.0,15.199999999999996,0.0
35.0,-82.0,2009,3,0.0,14.299999999999995,0.0
35.0,-77.5,2009,3,0.0,42.3,0.0
35.0,-79.0,2009,3,0.0,130.6,0.0
36.0,-76.5,2009,3,0.0,3.5,0.0
36.0,-76.0,2009,3,0.0,96.1,0.0
36.5,-76.5,2009,3,0.0,0.1,0.0
35.5,-76.0,2009,3,0.0,26.000000000000004,0.0
36.0,-80.5,2009,3,0.0,10.8,0.0
35.5,-81.0,2009,3,0.0,3.1000000000000005,0.0
34.5,-78.0,2009,3,0.0,66.0,0.0
35.0,-78.0,2009,3,0.1,19.7,0.0
35.0,-78.5,2009,3,0.0,94.0,0.0
35.5,-79.0,2009,3,0.0,2.5,0.0
36.0,-79.0,2009,3,0.0,13.5,0.0
36.0,-78.5,2009,3,0.0,42.2,0.0
35.5,-78.5,2009,3,0.0,23.4,0.0
36.0,-78.0,2009,3,0.0,23.0,0.0
35.0,-79.5,2009,3,0.0,109.39999999999996,0.0
35.0,-82.5,2009,3,0.0,39.9,0.0
34.5,-79.5,2009,3,0.0,425.0,0.0
35.5,-76.5,2009,3,0.0,1.8,0.0
35.0,-76.5,2009,3,0.0,1.0,0.0
34.5,-77.5,2009,3,0.0,29.5,0.0
35.0,-81.0,2009,3,0.0,4.4,0.0
35.0,-80.0,2009,3,0.0,55.7,0.0
35.5,-78.0,2009,3,0.0,7.0,0.0
34.0,-78.0,2009,3,0.0,13.8,0.0
34.0,-79.5,2009,3,0.0,24.0,0.0
36.0,-80.0,2009,3,0.0,9.9,0.0
35.0,-80.5,2009,3,0.0,4.4,0.0
36.5,-80.5,2009,3,0.0,3.1,0.0
36.5,-81.0,2009,3,0.0,7.4,0.0
34.5,-81.0,2009,3,0.0,4.2,0.0
38.5,-83.5,2009,3,0.0,372.6,151.0
40.5,-81.0,2009,3,0.0,11.4,0.0
39.0,-83.5,2009,3,0.0,27.26,1.01
40.5,-81.5,2009,3,0.0,0.5,1.0
40.5,-82.0,2009,3,0.0,10.0,0.0
39.0,-83.0,2009,3,1.0,104.56,103.5
39.5,-83.0,2009,3,0.0,4.85,0.0
41.5,-84.0,2009,3,0.0,6.0,0.0
41.5,-84.5,2009,3,0.0,1.0,0.0
40.0,-82.0,2009,3,0.0,7.0,0.0
39.5,-81.5,2009,3,0.0,6.0,0.0
39.5,-82.0,2009,3,0.0,3.25,0.0
40.0,-81.5,2009,3,0.0,3.25,0.0
33.5,-79.5,2009,3,0.0,177.29999999999995,0.0
34.0,-80.5,2009,3,0.0,153.3,0.0
34.0,-81.0,2009,3,0.0,42.0,0.0
33.5,-80.0,2009,3,0.0,246.8,0.0
34.0,-80.0,2009,3,0.0,37.8,0.0
33.5,-80.5,2009,3,0.0,222.1,0.0
32.0,-81.0,2009,3,0.0,40.4,0.0
33.5,-82.0,2009,3,0.0,24.4,0.0
34.5,-82.0,2009,3,0.0,2.1,0.0
33.5,-81.5,2009,3,0.0,15.9,0.0
32.5,-81.0,2009,3,0.0,118.8,0.0
34.5,-83.0,2009,3,0.0,3.5,0.0
33.0,-80.5,2009,3,0.0,308.00000000000006,0.0
33.0,-81.0,2009,3,0.0,374.0,0.0
34.5,-82.5,2009,3,0.0,15.5,0.0
34.0,-82.0,2009,3,0.0,5.5,0.0
34.0,-81.5,2009,3,0.0,44.8,0.0
34.5,-81.5,2009,3,0.0,14.0,0.0
32.5,-80.0,2009,3,0.0,13.3,0.0
44.0,-104.0,2009,3,0.0,550.0,0.0
43.5,-103.5,2009,3,0.0,9.3,0.0
43.0,-104.0,2009,3,0.0,3.4,0.0
44.0,-104.5,2009,3,0.0,130.0,0.0
43.5,-103.0,2009,3,0.0,60.0,0.0
43.0,-97.5,2009,3,0.0,1150.0,0.0
43.0,-99.5,2009,3,0.0,40.35,0.0
43.5,-98.5,2009,3,0.0,30.0,0.0
43.5,-98.0,2009,3,0.0,0.0,0.01
42.5,-98.0,2009,3,0.0,3.3000000000000003,0.0
44.0,-97.0,2009,3,0.0,0.0,3.0
43.5,-97.0,2009,3,0.0,0.0,1.0
42.5,-97.0,2009,3,0.0,0.0,2.0
43.0,-97.0,2009,3,0.0,102.75,1.0
43.5,-99.0,2009,3,0.0,120.0,0.0
44.0,-98.0,2009,3,0.0,0.0,0.25
37.0,-79.0,2009,3,0.0,20.5,0.0
37.5,-79.0,2009,3,0.0,0.2,0.0
38.0,-79.5,2009,3,0.0,11.0,0.0
38.0,-79.0,2009,3,0.0,3.9,0.0
37.0,-79.5,2009,3,0.0,6.0,0.0
37.0,-80.0,2009,3,0.0,3.1,0.0
36.5,-78.0,2009,3,0.0,1.0,0.0
37.0,-82.0,2009,3,0.0,733.1,130.0
37.0,-82.5,2009,3,0.0,863.0,0.0
37.5,-78.5,2009,3,0.0,8.9,0.0
37.5,-79.5,2009,3,0.0,1.4,0.0
38.0,-77.5,2009,3,0.0,3.6,0.9
37.0,-77.5,2009,3,0.0,2.0,0.0
37.0,-78.0,2009,3,0.0,75.0,0.0
36.5,-79.0,2009,3,0.0,5.000000000000001,0.0
39.0,-78.0,2009,3,0.0,10.6,0.2
39.0,-78.5,2009,3,0.0,30.8,0.0
38.5,-78.5,2009,3,0.0,30.2,0.0
37.5,-77.0,2009,3,0.0,0.6000000000000001,0.0
38.5,-78.0,2009,3,2.0,1.1,0.0
38.0,-78.0,2009,3,0.0,12.8,0.0
36.5,-80.0,2009,3,0.0,20.2,0.0
37.0,-81.0,2009,3,0.0,57.0,130.0
37.0,-76.5,2009,3,0.0,1.8,0.0
38.0,-80.0,2009,3,0.0,3.5,0.0
37.0,-77.0,2009,3,0.0,2.0,0.0
36.5,-83.5,2009,3,0.0,434.0,0.0
36.5,-83.0,2009,3,0.0,205.2,0.0
37.5,-78.0,2009,3,0.0,0.2,0.0
36.5,-78.5,2009,3,0.0,7.899999999999999,0.0
37.0,-78.5,2009,3,0.0,8.299999999999999,0.0
37.5,-76.5,2009,3,0.0,3.0,0.0
37.0,-80.5,2009,3,0.0,27.0,0.0
38.5,-79.0,2009,3,0.0,11.5,0.0
36.5,-79.5,2009,3,0.0,5.0,0.0
36.5,-82.5,2009,3,0.0,143.0,6.0
36.5,-82.0,2009,3,0.0,16.0,0.0
36.5,-77.0,2009,3,0.0,1.2,0.0
37.0,-83.0,2009,3,0.0,2492.0,0.0
46.0,-124.0,2009,3,0.0,0.01,0.0
43.0,-124.5,2009,3,0.2,0.04,0.0
43.5,-122.5,2009,3,0.0,0.01,0.0
30.0,-88.0,2009,3,0.0,35.5,0.0
39.5,-77.5,2009,3,0.0,0.5,0.1
37.5,-97.0,2009,3,0.0,0.0,640.0
39.0,-95.0,2009,3,0.0,0.0,350.0
37.5,-93.5,2009,3,0.0,0.0,3.0
37.5,-93.0,2009,3,0.0,0.0,4965.0
37.5,-94.0,2009,3,0.0,0.0,1430.0
34.0,-97.5,2009,3,0.0,0.0,3000.0
34.0,-96.5,2009,3,0.0,0.0,1400.0
38.5,-105.0,2009,3,0.0,0.0,6328.0
33.0,-104.0,2009,3,0.0,30.0,1200.0
39.0,-96.5,2009,3,0.0,0.0,1100.0
39.0,-97.0,2009,3,0.0,0.0,415.0
41.5,-78.0,2009,3,0.0,5.5,1.0
38.0,-94.0,2009,3,0.0,0.0,382.0
38.0,-81.5,2009,3,0.0,379.4,1.0
38.5,-81.5,2009,3,0.0,49.9,1.0
38.0,-82.5,2009,3,0.0,145.7,57.0
38.0,-82.0,2009,3,0.0,91.19999999999996,1.0
37.5,-82.0,2009,3,0.0,90.7,331.0
37.5,-82.5,2009,3,0.0,1193.9,497.0
39.5,-78.5,2009,3,0.0,0.4,4.2
39.5,-78.0,2009,3,0.0,0.6,49.2
36.5,-92.0,2009,3,0.0,0.0,289.0
36.5,-100.0,2009,3,0.0,0.0,2950.0
41.5,-77.5,2009,3,0.0,8.9,2.0
40.0,-80.0,2009,3,0.0,15.0,1.0
31.5,-110.0,2009,3,0.0,0.0,3242.0
38.0,-98.0,2009,3,0.0,0.0,350.0
39.0,-95.5,2009,3,0.0,0.0,900.0
39.5,-80.0,2009,3,0.0,53.3,1.0
41.0,-77.5,2009,3,0.0,0.0,2.0
38.0,-93.5,2009,3,0.0,0.0,825.0
40.0,-78.5,2009,3,0.0,4.41,1.0
37.5,-96.0,2009,3,0.0,0.0,250.0
39.0,-80.0,2009,3,0.0,19.2,1.0
36.5,-120.5,2009,3,0.0,15.6,0.0
36.5,-120.0,2009,3,0.0,1.0,0.0
36.0,-120.5,2009,3,0.0,1.0,0.0
35.0,-119.0,2009,3,0.0,0.1,0.0
37.0,-121.0,2009,3,0.0,5.199999999999998,0.0
36.5,-121.0,2009,3,0.0,3.0,0.0
39.0,-122.0,2009,3,0.0,2.7,0.0
38.5,-123.0,2009,3,0.0,2.2,0.0
40.5,-122.5,2009,3,0.0,2.0,0.0
39.5,-122.5,2009,3,0.0,0.1,0.0
40.0,-122.5,2009,3,0.0,0.1,0.0
33.0,-117.0,2009,3,0.0,0.4,0.5
33.5,-116.5,2009,3,0.0,6.499999999999999,0.0
33.5,-115.0,2009,3,0.0,1.0,0.0
33.5,-87.5,2009,3,0.0,348.5,0.0
31.5,-87.0,2009,3,0.0,221.6,0.0
31.5,-87.5,2009,3,0.0,61.0,0.0
31.0,-88.5,2009,3,0.0,1842.5,176.0
32.5,-86.5,2009,3,0.0,149.5,0.0
31.0,-87.5,2009,3,0.0,120.3,0.0
31.5,-86.5,2009,3,0.0,74.2,0.0
34.5,-88.0,2009,3,0.0,180.55,0.0
30.5,-88.5,2009,3,0.0,189.6,67.0
32.0,-85.5,2009,3,0.0,306.7,0.0
32.5,-88.5,2009,3,0.0,17.0,0.0
32.5,-87.0,2009,3,0.0,115.0,0.0
30.5,-88.0,2009,3,0.0,241.7,0.0
33.0,-86.0,2009,3,0.0,143.0,0.0
32.0,-86.0,2009,3,0.0,197.0,0.0
31.5,-88.5,2009,3,0.0,35.28,24.0
31.0,-86.5,2009,3,0.0,76.0,0.0
32.5,-88.0,2009,3,0.0,34.75,0.0
32.0,-88.5,2009,3,0.0,29.0,12.0
31.5,-88.0,2009,3,0.0,24.7,0.0
31.0,-85.5,2009,3,0.0,150.0,0.0
34.0,-87.0,2009,3,0.0,27.0,0.0
30.0,-87.5,2009,3,0.0,2.0,0.0
33.0,-87.5,2009,3,0.0,4.1,0.0
31.0,-88.0,2009,3,0.0,520.0999999999998,0.0
33.5,-88.0,2009,3,0.0,12.75,10.0
34.0,-86.5,2009,3,0.0,63.0,0.0
33.5,-86.5,2009,3,0.0,293.0,0.0
32.0,-87.0,2009,3,0.0,10.7,0.0
32.0,-86.5,2009,3,0.0,5.0,0.0
34.0,-88.0,2009,3,0.0,86.2,0.0
32.0,-88.0,2009,3,0.0,276.2,0.0
34.0,-88.5,2009,3,0.0,65.0,130.0
33.5,-87.0,2009,3,0.0,51.5,0.0
32.5,-87.5,2009,3,0.0,33.03,0.0
31.5,-86.0,2009,3,0.0,23.0,0.0
33.5,-88.5,2009,3,0.0,2.0,40.0
33.0,-87.0,2009,3,0.0,20.5,0.0
34.5,-87.5,2009,3,0.0,62.25,0.0
32.5,-85.5,2009,3,0.0,1.0,0.0
31.0,-86.0,2009,3,0.0,19.0,0.0
33.0,-88.5,2009,3,0.0,32.0,4.0
32.0,-87.5,2009,3,0.0,2.0,0.0
34.5,-86.5,2009,3,0.0,1.0,0.0
32.0,-110.0,2009,3,0.0,6.1,0.0
32.0,-109.5,2009,3,0.0,1.0,0.0
33.0,-113.0,2009,3,0.0,40.0,32.0
35.0,-114.0,2009,3,0.0,0.1,0.0
31.5,-110.5,2009,3,0.0,21.3,0.0
32.0,-110.5,2009,3,0.0,1.1,0.0
32.5,-111.5,2009,3,0.0,0.1,0.0
31.0,-110.0,2009,3,0.0,1.0,0.0
34.0,-110.5,2009,3,0.0,7.0,0.0
33.5,-114.0,2009,3,0.0,0.1,0.0
34.0,-111.0,2009,3,0.0,15.0,0.0
35.0,-113.0,2009,3,0.0,0.2,0.0
40.0,-96.5,2009,3,0.0,333.0,0.0
40.5,-98.5,2009,3,0.0,1.25,0.0
42.0,-103.0,2009,3,0.0,2.0,0.0
41.0,-99.0,2009,3,0.0,101.0,0.0
40.5,-97.0,2009,3,0.0,203.1,0.0
40.5,-99.5,2009,3,0.0,81.0,0.0
41.0,-97.0,2009,3,0.0,260.1,0.0
40.0,-97.0,2009,3,0.0,442.0,0.0
40.0,-98.5,2009,3,0.0,2.5,0.0
41.5,-104.0,2009,3,0.0,225.2,0.0
41.0,-102.5,2009,3,0.0,50.0,0.0
41.0,-101.5,2009,3,0.0,38.0,0.0
41.0,-99.5,2009,3,0.0,46.0,0.0
40.0,-100.5,2009,3,0.0,66.0,0.0
40.5,-97.5,2009,3,0.0,34.6,0.0
40.0,-97.5,2009,3,0.0,216.0,0.0
42.5,-103.5,2009,3,3.5,2.0,0.0
41.0,-101.0,2009,3,0.0,43.0,0.0
40.5,-96.5,2009,3,0.0,14.5,0.0
40.0,-96.0,2009,3,0.0,24.0,0.0
41.0,-98.5,2009,3,0.0,2.9,0.0
40.5,-102.0,2009,3,0.0,5.0,0.0
40.5,-99.0,2009,3,0.0,703.5,0.0
41.5,-103.5,2009,3,0.0,16.0,0.0
41.0,-100.5,2009,3,0.0,0.5,0.0
41.5,-100.5,2009,3,0.0,5.0,0.0
41.0,-98.0,2009,3,0.0,9.0,0.0
42.0,-97.5,2009,3,0.0,60.1,0.0
40.0,-100.0,2009,3,0.0,33.0,0.0
40.0,-99.0,2009,3,0.0,17.0,0.0
41.0,-97.5,2009,3,0.0,91.5,0.0
40.5,-98.0,2009,3,0.0,6.1,0.0
42.0,-98.0,2009,3,0.0,17.2,0.0
42.5,-103.0,2009,3,0.0,2.0,0.0
40.5,-101.5,2009,3,0.0,5.0,0.0
41.5,-96.5,2009,3,0.0,0.01,10.0
42.5,-101.0,2009,3,0.0,800.5,0.0
40.5,-100.0,2009,3,0.0,1.75,0.0
41.5,-97.0,2009,3,0.0,178.1,0.0
40.5,-96.0,2009,3,0.0,2.0,11.0
42.5,-100.0,2009,3,0.0,180.0,0.0
41.0,-96.5,2009,3,0.0,330.0,0.0
41.5,-98.0,2009,3,0.0,0.2,0.0
42.5,-99.5,2009,3,0.0,21.1,0.0
41.0,-100.0,2009,3,0.0,0.5,0.0
41.5,-97.5,2009,3,0.0,0.2,0.0
41.5,-99.5,2009,3,0.0,60.0,0.0
41.0,-96.0,2009,3,0.0,0.1,0.1
40.0,-98.0,2009,3,0.0,7.0,0.0
39.5,-79.0,2009,3,0.0,19.8,90.8
39.0,-79.5,2009,3,0.0,6.5,2.9
38.5,-77.0,2009,3,0.0,0.0,8.899999999999997
39.5,-79.5,2009,3,0.0,0.0,3.7
38.0,-77.0,2009,3,0.0,0.0,0.30000000000000004
39.0,-77.5,2009,3,0.0,0.0,0.9
38.5,-77.5,2009,3,0.0,0.0,1.4
38.5,-76.0,2009,3,0.0,0.0,1.7000000000000002
39.5,-77.0,2009,3,0.0,0.1,0.3
39.5,-76.5,2009,3,0.0,2.1,8.799999999999997
38.0,-76.0,2009,3,0.0,0.0,2.6
39.5,-76.0,2009,3,0.0,0.0,8.6
39.0,-76.0,2009,3,0.0,0.0,1.4
39.0,-76.5,2009,3,0.0,0.0,0.1
38.5,-76.5,2009,3,0.0,0.0,0.5
39.0,-75.0,2009,3,0.0,1.5,0.0
39.5,-75.0,2009,3,0.0,9.0,0.0
39.0,-75.5,2009,3,0.0,10.5,0.0
41.0,-74.5,2009,3,3.93,44.61000000000002,0.0
41.0,-75.0,2009,3,0.0,11.719999999999995,0.0
40.0,-74.5,2009,3,0.0,15.5,0.0
39.5,-74.5,2009,3,0.0,7.5,0.0
40.0,-75.0,2009,3,0.0,3.0,0.0
40.5,-75.5,2009,3,0.0,3.25,0.0
40.0,-75.5,2009,3,0.0,1.25,0.0
39.5,-75.5,2009,3,0.0,0.25,0.0
38.5,-82.0,2009,3,0.0,100.70000000000002,0.0
39.0,-81.0,2009,3,0.0,25.3,0.0
39.0,-80.5,2009,3,0.0,37.20000000000001,0.0
38.5,-80.5,2009,3,0.0,14.8,0.0
37.5,-81.5,2009,3,0.0,19.200000000000006,0.0
38.0,-81.0,2009,3,0.0,13.8,0.0
38.0,-83.0,2009,3,0.0,841.3,0.0
39.5,-81.0,2009,3,0.0,4.5,0.0
37.5,-81.0,2009,3,0.0,112.9,0.0
41.0,-78.5,2009,3,0.0,326.115,0.0
40.5,-79.0,2009,3,0.0,114.605,0.0
39.0,-82.0,2009,3,0.0,11.8,0.0
38.0,-80.5,2009,3,0.0,4.0,0.0
40.0,-81.0,2009,3,0.0,1.7,0.0
39.5,-80.5,2009,3,0.0,77.5,0.0
39.0,-79.0,2009,3,0.0,42.8,0.0
38.5,-81.0,2009,3,0.0,0.1,0.0
40.5,-77.0,2009,3,0.0,2.0,0.0
40.5,-76.5,2009,3,0.0,112.25,0.0
40.5,-76.0,2009,3,0.0,20.625,0.0
41.0,-77.0,2009,3,0.0,56.49999999999999,0.0
41.5,-77.0,2009,3,0.0,30.6,0.0
41.5,-76.5,2009,3,0.0,50.85,0.0
41.5,-78.5,2009,3,0.0,2.34,0.0
40.5,-78.5,2009,3,0.0,13.787,0.0
41.0,-76.0,2009,3,0.0,23.25,0.0
40.5,-78.0,2009,3,0.0,2.0,0.0
40.0,-76.0,2009,3,0.0,16.75,0.0
40.0,-79.0,2009,3,0.0,7.2,0.0
41.0,-79.0,2009,3,0.0,5.4228999999999985,0.0
41.0,-78.0,2009,3,0.0,14.4,0.0
41.5,-76.0,2009,3,0.0,14.0,0.0
40.0,-79.5,2009,3,0.0,118.9,0.0
41.0,-79.5,2009,3,0.0,0.5,0.0
40.0,-77.0,2009,3,0.0,4.0,0.0
40.0,-76.5,2009,3,0.0,1.8,0.0
40.5,-80.0,2009,3,0.0,13.25,0.0
41.0,-76.5,2009,3,0.0,25.0,0.0
40.5,-77.5,2009,3,0.0,0.5,0.0
40.0,-78.0,2009,3,0.0,12.0,0.0
43.0,-71.0,2009,3,0.0,0.05,0.0
43.5,-70.0,2009,3,0.0,0.7,0.0
38.0,-90.5,2009,3,0.0,19.1,0.0
39.0,-90.0,2009,3,0.0,70.25,0.0
39.5,-89.5,2009,3,0.0,24.0,0.0
38.5,-89.0,2009,3,0.0,19.2,0.0
39.5,-91.0,2009,3,0.0,100.0,0.0
40.5,-90.0,2009,3,0.0,12.2,0.0
42.0,-90.5,2009,3,0.0,2.0,15.0
38.5,-90.5,2009,3,0.0,4.6,0.0
41.0,-88.5,2009,3,0.0,336.5,0.0
39.5,-91.5,2009,3,0.0,69.2,0.0
38.5,-90.0,2009,3,0.0,0.30000000000000004,0.0
39.0,-89.5,2009,3,0.0,164.0,0.0
39.5,-90.5,2009,3,0.0,10.1,0.0
40.0,-89.5,2009,3,0.0,15.25,0.0
39.0,-90.5,2009,3,0.0,3.7,0.0
40.5,-89.0,2009,3,0.0,1.0,0.0
41.0,-91.0,2009,3,0.0,0.35,0.0
38.0,-89.5,2009,3,0.0,2.0,0.0
40.5,-88.5,2009,3,0.0,1.0,0.0
38.5,-89.5,2009,3,0.0,61.0,0.0
40.0,-90.0,2009,3,0.0,5.0,0.0
41.0,-88.0,2009,3,0.0,13.5,0.0
40.0,-89.0,2009,3,0.0,5.0,0.0
38.0,-89.0,2009,3,0.0,0.75,0.0
38.5,-88.0,2009,3,0.0,0.25,0.0
38.5,-88.5,2009,3,0.0,3.6,0.0
39.5,-123.5,2009,3,0.0,0.5,0.0
37.0,-114.0,2009,3,0.0,0.35,2.1
37.0,-113.5,2009,3,0.0,0.0,1.0
37.5,-114.0,2009,3,0.0,0.0,0.3
36.5,-115.0,2009,3,0.0,13.0,0.0
38.5,-109.5,2009,3,0.0,0.0,86.0
43.0,-90.5,2009,3,0.0,12.55,0.0
43.0,-90.0,2009,3,0.0,39.31,0.0
43.5,-90.5,2009,3,0.0,14.11,0.0
43.0,-91.0,2009,3,0.0,9.73,0.0
43.0,-91.5,2009,3,0.0,6.23,107.0
31.0,-90.5,2009,3,0.0,0.0,516.0
33.0,-89.5,2009,3,0.0,0.0,318.0
33.5,-89.5,2009,3,0.0,0.0,54.0
32.5,-90.0,2009,3,0.0,0.0,255.0
33.0,-90.0,2009,3,0.0,0.0,241.0
34.0,-89.0,2009,3,0.0,0.0,11.0
34.5,-89.0,2009,3,0.0,0.0,165.0
33.0,-90.5,2009,3,0.0,0.0,273.0
31.5,-90.5,2009,3,0.0,0.0,327.0
30.5,-90.0,2009,3,0.0,0.0,662.97
30.0,-89.5,2009,3,0.0,0.0,354.0
31.0,-90.0,2009,3,0.0,0.0,408.0
31.5,-91.0,2009,3,0.0,0.0,241.0
32.5,-89.5,2009,3,0.0,0.0,62.0
34.0,-90.0,2009,3,0.0,0.0,239.0
34.0,-89.5,2009,3,0.0,0.0,10.0
31.5,-90.0,2009,3,0.0,0.0,214.0
30.0,-90.0,2009,3,0.0,0.0,2905.8
32.0,-90.5,2009,3,0.0,0.0,6.0
34.5,-90.0,2009,3,0.0,0.0,11.0
31.5,-89.5,2009,3,0.0,0.0,372.0
33.5,-90.5,2009,3,0.0,0.0,25.0
44.0,-71.5,2009,3,0.0,1.0,0.0
44.0,-72.0,2009,3,0.0,0.25,0.0
43.5,-72.5,2009,3,0.0,2.25,0.0
32.0,-90.0,2009,3,0.0,0.0,42.0
33.0,-89.0,2009,3,0.0,0.0,38.0
32.0,-89.0,2009,3,0.0,0.0,99.0
32.0,-91.0,2009,3,0.0,0.0,30.0
34.0,-90.5,2009,3,0.0,0.0,1.0
33.5,-89.0,2009,3,0.0,0.0,1.0
32.5,-91.0,2009,3,0.0,0.0,7.0
32.5,-90.5,2009,3,0.0,0.0,4.0
34.5,-90.5,2009,3,0.0,0.0,39.0
33.5,-95.0,2009,3,0.0,284.75,0.0
34.0,-96.0,2009,3,0.0,611.1,0.0
35.0,-94.5,2009,3,0.0,237.0,0.0
35.0,-95.0,2009,3,0.0,60.0,290.0
36.5,-95.0,2009,3,0.0,109.0,0.0
36.5,-95.5,2009,3,0.0,12.0,0.0
36.0,-96.0,2009,3,0.0,6.0,0.0
42.5,-91.0,2009,3,0.0,43.0,55.0
41.5,-92.0,2009,3,0.0,0.0,114.5
41.0,-92.5,2009,3,0.0,0.0,169.05
42.5,-96.5,2009,3,0.0,0.0,91.5
42.5,-92.0,2009,3,0.0,0.0,41.75
42.5,-96.0,2009,3,0.0,0.0,63.0
43.0,-92.0,2009,3,0.0,0.0,20.25
42.0,-91.0,2009,3,0.0,0.0,135.5
41.5,-93.5,2009,3,0.0,0.0,32.0
41.5,-94.0,2009,3,0.0,0.0,17.0
42.5,-91.5,2009,3,0.0,0.0,2.65
41.5,-95.5,2009,3,0.0,0.0,38.0
42.0,-93.5,2009,3,0.0,0.0,65.5
41.5,-91.5,2009,3,0.0,0.0,233.5
43.0,-94.0,2009,3,0.0,0.0,6.0
41.5,-94.5,2009,3,0.0,0.0,11.0
41.0,-94.5,2009,3,0.0,0.0,118.5
41.5,-92.5,2009,3,0.0,0.0,87.75
40.5,-95.5,2009,3,0.0,0.0,47.0
41.5,-91.0,2009,3,0.0,0.0,20.0
41.0,-92.0,2009,3,0.0,0.0,59.0
42.5,-94.5,2009,3,0.0,0.0,29.0
42.0,-96.0,2009,3,0.0,0.0,4.0
42.5,-94.0,2009,3,0.0,0.0,100.0
42.0,-91.5,2009,3,0.0,0.0,97.5
41.5,-96.0,2009,3,0.0,0.0,7.0
40.5,-95.0,2009,3,0.0,0.0,7.5
41.0,-95.5,2009,3,0.0,0.0,4.0
41.0,-95.0,2009,3,0.0,0.0,172.0
42.5,-92.5,2009,3,0.0,0.0,23.0
42.0,-92.0,2009,3,0.0,0.0,54.0
41.0,-93.0,2009,3,0.0,0.0,224.0
42.0,-95.0,2009,3,0.0,0.0,0.5
42.0,-94.0,2009,3,0.0,0.0,41.0
43.0,-96.5,2009,3,0.0,0.0,33.0
41.0,-93.5,2009,3,0.0,0.0,114.5
41.0,-91.5,2009,3,0.0,0.0,83.5
42.5,-93.0,2009,3,0.0,0.0,45.0
42.5,-95.5,2009,3,0.0,0.0,51.0
40.5,-91.5,2009,3,0.0,0.0,6.0
40.5,-92.0,2009,3,0.0,0.0,4.0
40.5,-92.5,2009,3,0.0,0.0,35.0
42.5,-93.5,2009,3,0.0,0.0,86.0
42.0,-95.5,2009,3,0.0,0.0,35.0
40.5,-93.0,2009,3,0.0,0.0,337.0
43.0,-94.5,2009,3,0.0,0.0,11.0
43.0,-93.0,2009,3,0.0,0.0,0.5
42.5,-95.0,2009,3,0.0,0.0,89.0
40.5,-93.5,2009,3,0.0,0.0,6.0
38.0,-85.5,2009,3,0.0,98.0,0.0
38.0,-85.0,2009,3,0.0,21.0,0.0
36.5,-89.5,2009,3,0.0,5.0,0.0
37.0,-88.0,2009,3,0.0,73.0,0.0
37.0,-87.5,2009,3,0.0,78.0,0.0
37.5,-84.5,2009,3,0.0,173.0,0.0
38.0,-84.0,2009,3,0.0,14.0,0.0
37.5,-83.0,2009,3,0.0,1517.0,0.0
37.0,-85.5,2009,3,0.0,2.0,0.0
36.5,-84.0,2009,3,0.0,609.0,0.0
37.5,-86.0,2009,3,0.0,20.0,0.0
38.5,-84.0,2009,3,0.0,13.0,0.0
37.0,-85.0,2009,3,0.0,126.0,0.0
37.5,-85.0,2009,3,0.0,5.0,0.0
37.0,-87.0,2009,3,0.0,65.0,0.0
36.5,-87.0,2009,3,0.0,19.2,0.0
37.5,-87.5,2009,3,0.0,29.0,0.0
37.5,-83.5,2009,3,0.0,350.0,0.0
37.5,-85.5,2009,3,0.0,3.0,0.0
36.5,-88.5,2009,3,0.0,58.0,0.0
37.5,-86.5,2009,3,0.0,62.0,0.0
37.0,-86.0,2009,3,0.0,6.0,0.0
36.5,-86.0,2009,3,0.0,212.0,0.0
37.5,-87.0,2009,3,0.0,86.0,0.0
38.0,-83.5,2009,3,0.0,330.0,0.0
38.0,-84.5,2009,3,0.0,3.0,0.0
36.5,-88.0,2009,3,0.0,66.2,0.0
37.5,-88.0,2009,3,0.0,6.0,0.0
38.0,-86.0,2009,3,0.0,1.0,0.0
38.5,-85.5,2009,3,0.0,15.0,0.0
36.5,-85.5,2009,3,0.0,83.0,0.0
36.5,-89.0,2009,3,0.0,99.0,0.0
38.5,-85.0,2009,3,0.0,13.0,0.0
37.0,-86.5,2009,3,0.0,17.0,0.0
43.0,-89.5,2009,3,0.0,1.1,0.0
43.5,-89.5,2009,3,0.0,10.249999999999998,0.0
44.0,-89.0,2009,3,0.0,13.12,0.0
43.5,-89.0,2009,3,0.0,0.08,0.0
44.0,-89.5,2009,3,0.0,0.03,0.0
45.0,-88.5,2009,3,0.0,0.99,0.0
45.0,-88.0,2009,3,0.0,3.2300000000000004,0.0
44.5,-91.5,2009,3,0.0,6.510000000000002,0.0
44.0,-91.0,2009,3,0.0,5.9,0.0
44.0,-90.5,2009,3,0.0,5.51,0.0
43.5,-91.0,2009,3,0.0,1.1,0.0
44.5,-91.0,2009,3,0.0,0.27,0.0
45.0,-91.5,2009,3,0.0,1.79,0.0
44.5,-90.0,2009,3,0.0,0.15,0.0
44.0,-90.0,2009,3,0.0,0.6,0.0
44.5,-90.5,2009,3,0.0,6.16,0.0
44.5,-89.5,2009,3,0.0,0.05,0.0
43.5,-90.0,2009,3,0.0,4.9,0.0
46.0,-92.0,2009,3,0.0,18.2,0.0
46.5,-92.5,2009,3,0.0,2.45,0.0
45.5,-92.5,2009,3,0.0,3.5,0.0
46.0,-91.0,2009,3,0.0,0.58,0.0
45.5,-91.5,2009,3,0.0,4.8,0.0
45.0,-90.5,2009,3,0.0,3.1,0.0
45.0,-89.5,2009,3,0.0,2.0,0.0
45.5,-89.5,2009,3,0.0,0.6900000000000001,0.0
34.0,-106.5,2009,3,0.0,0.2,0.0
36.5,-108.0,2009,3,0.0,4.0,0.0
36.0,-106.5,2009,3,0.0,12.5,0.0
36.0,-107.5,2009,3,0.0,4.0,0.0
32.5,-107.5,2009,3,0.0,114.7,0.0
31.5,-108.5,2009,3,0.0,21.5,0.0
32.5,-108.5,2009,3,0.0,142.95,0.0
34.0,-107.0,2009,3,0.0,0.1,0.0
32.0,-109.0,2009,3,0.0,85.0,0.0
33.5,-107.0,2009,3,0.0,1.0,0.0
36.0,-105.5,2009,3,0.0,1.0,0.0
35.0,-105.5,2009,3,0.0,7.25,0.0
34.5,-105.5,2009,3,0.0,2530.0,0.0
35.5,-105.5,2009,3,0.0,1.0,0.0
35.5,-104.0,2009,3,100.0,0.0,0.0
36.0,-105.0,2009,3,0.0,30.0,0.0
35.0,-104.0,2009,3,0.0,15.0,0.0
35.5,-105.0,2009,3,0.0,1.0,0.0
32.5,-104.0,2009,3,200.0,4782.25,0.0
33.0,-107.0,2009,3,0.0,0.25,0.0
33.0,-105.5,2009,3,0.0,69.25,0.0
32.5,-103.5,2009,3,0.0,25797.3,0.0
32.5,-105.5,2009,3,0.0,16276.0,0.0
34.0,-104.5,2009,3,220.0,275.0,0.0
34.0,-103.5,2009,3,0.0,41.0,0.0
34.0,-104.0,2009,3,0.0,55.0,0.0
32.0,-103.5,2009,3,0.0,1.5,0.0
33.5,-106.0,2009,3,0.0,9.0,0.0
34.0,-106.0,2009,3,0.0,275.0,0.0
33.0,-103.5,2009,3,0.0,1.5,0.0
35.5,-106.0,2009,3,0.0,0.1,0.0
35.0,-107.0,2009,3,0.0,500.25,0.0
34.5,-106.5,2009,3,0.0,58.0,0.0
35.0,-106.0,2009,3,0.0,7.8,0.0
35.5,-85.5,2009,3,0.0,104.1,0.0
35.0,-86.0,2009,3,0.0,1000.55,0.0
36.0,-89.0,2009,3,0.0,49.95,0.5
35.5,-85.0,2009,3,0.0,435.3,0.0
35.0,-85.5,2009,3,0.0,141.6,0.0
35.0,-89.0,2009,3,0.0,113.6,1.0
35.0,-87.0,2009,3,0.0,48.65,0.0
35.0,-87.5,2009,3,0.0,187.7,0.0
35.0,-86.5,2009,3,0.0,32.1,8.0
35.5,-86.5,2009,3,0.0,14.6,0.0
35.5,-86.0,2009,3,0.0,315.8,0.0
36.0,-88.5,2009,3,0.0,47.90000000000001,0.0
35.5,-89.5,2009,3,0.0,1.0,0.0
35.0,-88.0,2009,3,0.0,84.30000000000003,0.0
36.0,-87.0,2009,3,0.0,6.0,0.0
36.5,-86.5,2009,3,0.0,20.2,0.0
35.5,-88.5,2009,3,0.0,55.5,0.1
35.5,-87.5,2009,3,0.0,100.0,0.1
36.0,-89.5,2009,3,0.0,8.2,0.0
35.5,-84.5,2009,3,0.0,240.1,0.0
36.0,-84.0,2009,3,0.0,35.0,0.0
36.0,-86.0,2009,3,0.0,105.9,0.0
36.0,-84.5,2009,3,0.0,106.6,700.0
36.0,-85.0,2009,3,0.0,141.3,0.0
36.0,-85.5,2009,3,0.0,54.5,0.0
36.0,-83.5,2009,3,0.0,89.1,0.0
36.0,-88.0,2009,3,0.0,178.6,0.0
35.5,-88.0,2009,3,0.0,88.6,0.0
35.5,-89.0,2009,3,0.0,7.699999999999998,0.0
35.5,-90.0,2009,3,0.0,61.0,0.0
36.0,-86.5,2009,3,0.0,2.0,0.0
36.0,-87.5,2009,3,0.0,0.2,0.0
35.0,-88.5,2009,3,0.0,32.40000000000001,0.0
35.0,-89.5,2009,3,0.0,91.0,29.9
40.0,-112.0,2009,3,0.0,1.6,0.0
40.5,-111.5,2009,3,0.0,0.01,0.0
41.0,-112.0,2009,3,0.0,7.56,0.0
40.0,-112.5,2009,3,0.0,0.5,0.0
40.5,-112.0,2009,3,0.0,4.0,0.0
40.5,-110.0,2009,3,0.0,0.5,0.0
39.5,-111.0,2009,3,0.0,10.78,0.0
39.0,-112.0,2009,3,0.0,1.0,0.0
38.0,-111.0,2009,3,0.0,1.75,0.0
38.0,-111.5,2009,3,0.0,3.4,0.0
37.5,-113.0,2009,3,0.0,0.5,0.0
48.5,-119.5,2009,3,0.0,2.5,0.0
46.0,-123.0,2009,3,0.0,1.0,0.0
42.5,-74.0,2009,3,4.25,35.79000000000002,0.0
42.0,-74.0,2009,3,2.26,27.39,0.0
42.5,-74.5,2009,3,0.1,15.13,0.0
42.0,-78.0,2009,3,0.1,19.6,0.0
42.0,-78.5,2009,3,0.2,3.2300000000000013,0.0
42.0,-76.0,2009,3,0.94,13.109999999999998,0.0
43.0,-79.0,2009,3,0.1,1.6000000000000003,0.0
42.0,-75.5,2009,3,0.0,6.099999999999998,0.0
42.0,-76.5,2009,3,1.98,15.109999999999996,0.0
42.0,-79.0,2009,3,0.0,13.199999999999992,0.0
42.0,-79.5,2009,3,0.1,5.200000000000001,0.0
42.5,-77.0,2009,3,4.25,22.78,0.0
43.0,-77.0,2009,3,0.0,7.019999999999999,0.0
43.0,-76.5,2009,3,1.88,16.41,0.0
42.5,-76.5,2009,3,0.0,32.38000000000001,0.0
42.0,-80.0,2009,3,0.0,3.8,0.0
42.5,-79.5,2009,3,0.0,0.30000000000000004,0.0
42.0,-77.0,2009,3,2.5,26.36000000000001,0.0
42.5,-76.0,2009,3,2.08,3.03,0.0
44.5,-74.0,2009,3,1.7000000000000002,2.45,0.0
44.5,-73.5,2009,3,0.0,5.5,0.0
44.0,-74.0,2009,3,0.0,2.2,0.0
44.0,-73.5,2009,3,0.0,0.35,0.0
42.0,-73.5,2009,3,0.0,1.6,0.0
42.0,-74.5,2009,3,0.0,14.659999999999998,0.0
42.0,-75.0,2009,3,0.0,1.48,0.0
41.5,-74.0,2009,3,0.0,34.05000000000001,0.0
41.0,-74.0,2009,3,2.48,94.16999999999993,0.0
42.5,-79.0,2009,3,0.30000000000000004,9.53,0.0
43.5,-73.5,2009,3,0.0,4.0,0.0
44.5,-74.5,2009,3,0.0,5.499999999999999,0.0
44.5,-75.0,2009,3,0.0,6.849999999999998,0.0
44.0,-74.5,2009,3,0.0,0.2,0.0
43.0,-75.0,2009,3,2.0,0.1,0.0
43.0,-74.5,2009,3,0.0,0.25,0.0
43.0,-78.5,2009,3,1.75,8.999999999999998,0.0
42.5,-78.5,2009,3,0.30000000000000004,5.3,0.0
43.5,-76.0,2009,3,0.1,7.55,0.0
43.0,-75.5,2009,3,0.0,2.85,0.0
42.5,-75.0,2009,3,0.0,20.200000000000006,0.0
43.5,-76.5,2009,3,0.30000000000000004,3.9,0.0
44.0,-76.0,2009,3,0.1,7.949999999999991,0.0
44.0,-76.5,2009,3,0.0,3.1000000000000005,0.0
43.5,-75.5,2009,3,0.0,1.7,0.0
42.5,-78.0,2009,3,0.0,19.1,0.0
42.5,-77.5,2009,3,3.5,51.1,0.0
43.0,-76.0,2009,3,0.0,4.33,0.0
42.5,-75.5,2009,3,0.0,10.8,0.0
43.0,-78.0,2009,3,0.0,19.63,0.0
43.0,-77.5,2009,3,4.25,5.15,0.0
40.5,-73.5,2009,3,2.9000000000000004,16.349999999999994,0.0
43.0,-79.5,2009,3,0.0,4.9,0.0
41.5,-74.5,2009,3,0.0,20.52,0.0
42.5,-73.5,2009,3,0.1,1.6,0.0
44.5,-76.0,2009,3,0.0,2.5500000000000003,0.0
44.5,-75.5,2009,3,0.0,7.55,0.0
44.0,-75.5,2009,3,0.0,3.650000000000001,0.0
43.0,-74.0,2009,3,0.0,5.699999999999998,0.0
42.0,-77.5,2009,3,0.6,31.5,0.0
40.5,-72.5,2009,3,0.0,0.2,0.0
41.0,-72.5,2009,3,1.35,3.7500000000000013,0.0
40.5,-73.0,2009,3,0.25,2.0000000000000004,0.0
41.5,-75.5,2009,3,0.0,6.4,0.0
41.5,-75.0,2009,3,0.88,21.35,0.0
43.5,-74.0,2009,3,0.1,0.1,0.0
43.0,-73.5,2009,3,0.1,11.51,0.0
44.5,-109.0,2009,3,0.0,0.2,0.0
43.5,-104.5,2009,3,0.0,0.05,0.0
42.5,-105.5,2009,3,0.0,1.1,0.0
43.0,-108.5,2009,3,0.0,80.0,0.0
41.0,-105.0,2009,3,0.0,6.92,0.0
41.0,-106.0,2009,3,0.0,313.0,0.0
41.0,-105.5,2009,3,0.0,4.0,0.0
44.0,-107.0,2009,3,0.0,40.05,0.0
41.5,-105.0,2009,3,0.0,42.0,0.0
33.0,-93.0,2009,3,0.0,80.0,0.75
35.0,-92.5,2009,3,0.0,114.0,0.0
33.0,-94.0,2009,3,0.0,44.0,0.0
36.0,-92.0,2009,3,0.0,882.0,0.0
34.0,-93.0,2009,3,0.0,115.0,0.0
33.0,-91.5,2009,3,0.0,3.0,0.0
33.0,-93.5,2009,3,0.0,333.0,0.0
33.5,-93.5,2009,3,0.0,55.0,0.0
34.0,-93.5,2009,3,0.0,44.0,0.0
35.0,-93.0,2009,3,0.0,210.0,0.0
35.0,-92.0,2009,3,0.0,176.0,0.0
36.0,-94.0,2009,3,0.0,15.0,0.0
36.0,-93.5,2009,3,0.0,468.0,0.0
36.0,-92.5,2009,3,0.0,313.0,0.0
33.0,-94.5,2009,3,0.0,161.0,0.0
35.5,-92.0,2009,3,0.0,760.0,0.0
34.0,-92.5,2009,3,0.0,19.0,0.0
35.0,-93.5,2009,3,0.0,55.0,0.0
36.0,-91.5,2009,3,0.0,266.0,0.0
33.5,-92.0,2009,3,0.0,172.0,0.0
33.0,-92.5,2009,3,0.0,16.0,0.0
33.5,-92.5,2009,3,0.0,7.0,0.0
34.0,-94.0,2009,3,0.0,12.0,0.0
34.5,-93.0,2009,3,0.0,7.0,0.0
35.5,-92.5,2009,3,0.0,109.0,0.0
35.0,-94.0,2009,3,0.0,100.0,0.0
34.5,-94.5,2009,3,0.0,30.0,0.0
33.5,-93.0,2009,3,0.0,26.0,0.0
34.0,-94.5,2009,3,0.0,4.0,0.0
35.5,-94.0,2009,3,0.0,73.0,0.0
36.0,-91.0,2009,3,0.0,10.0,0.0
35.5,-91.5,2009,3,0.0,8.0,0.0
36.0,-94.5,2009,3,0.0,38.0,0.0
35.5,-93.5,2009,3,0.0,151.0,0.0
35.0,-91.0,2009,3,0.0,203.0,0.0
33.5,-94.0,2009,3,0.0,10.0,0.0
33.0,-92.0,2009,3,0.0,3.0,0.0
34.5,-92.5,2009,3,0.0,15.0,0.0
41.5,-72.5,2009,3,0.0,11.4,0.0
41.0,-73.0,2009,3,0.0,1.12,0.0
41.5,-73.5,2009,3,0.0,11.21,0.0
41.0,-73.5,2009,3,0.0,27.25,0.0
41.5,-73.0,2009,3,0.0,18.8,0.0
41.5,-72.0,2009,3,0.0,4.199999999999998,0.0
30.0,-91.0,2009,3,0.0,0.0,215.90054000000003
30.5,-91.0,2009,3,0.0,0.0,385.90961
32.5,-93.0,2009,3,0.0,0.0,5.9
30.0,-94.0,2009,3,0.0,44.0,307.7
32.0,-92.5,2009,3,0.0,0.0,56.73
32.5,-92.0,2009,3,0.0,0.0,41.55
32.5,-91.5,2009,3,0.0,0.0,3.0
32.5,-92.5,2009,3,0.0,0.0,35.5032
30.5,-91.5,2009,3,0.0,0.0,60.65000000000001
30.5,-94.0,2009,3,0.0,216.75,25.300000000000004
31.0,-94.0,2009,3,0.0,99.25,39.75
30.5,-92.5,2009,3,0.0,0.0,11.0
30.0,-93.0,2009,3,0.0,0.0,9.5
30.5,-93.0,2009,3,0.0,0.0,640.66
31.5,-93.5,2009,3,0.0,0.0,26.0
31.5,-92.0,2009,3,0.0,0.0,128.87
30.0,-93.5,2009,3,0.0,0.0,211.5
31.5,-92.5,2009,3,0.0,0.0,51.42999999999999
30.0,-92.5,2009,3,0.0,0.0,3.0
32.0,-93.5,2009,3,0.0,0.0,13.25
30.0,-90.5,2009,3,0.0,0.0,9.9
30.5,-90.5,2009,3,0.0,0.0,559.3899999999999
32.5,-94.0,2009,3,0.0,0.0,47.75
32.0,-94.0,2009,3,0.0,0.0,9.4
30.5,-94.5,2009,3,0.5,113.5,0.0
28.5,-100.0,2009,3,0.0,460.0,0.0
30.5,-96.0,2009,3,0.0,15.45,0.0
32.5,-95.0,2009,3,1.0,117.54999999999998,0.0
30.0,-97.0,2009,3,0.0,67.15,0.0
30.0,-96.0,2009,3,0.0,202.0,0.0
32.5,-94.5,2009,3,0.0,148.25,0.0
30.0,-97.5,2009,3,0.0,64.20000000000003,0.0
33.0,-95.0,2009,3,0.0,568.4799999999998,0.0
32.0,-94.5,2009,3,0.0,11.25,0.0
31.5,-95.0,2009,3,1.0,29.2,0.0
32.0,-99.5,2009,3,50.0,363.9500000000001,0.0
27.5,-98.5,2009,3,0.0,84.65,0.0
29.5,-95.0,2009,3,0.0,151.0,0.0
30.0,-104.0,2009,3,0.0,800.0,0.0
26.5,-98.0,2009,3,0.0,1940.0,0.0
32.0,-95.0,2009,3,0.0,262.5,0.0
32.5,-100.0,2009,3,0.0,848.0,0.0
27.5,-98.0,2009,3,0.0,140.51,0.0
32.0,-95.5,2009,3,0.0,107.85,0.0
28.0,-98.0,2009,3,0.0,765.2,0.0
28.5,-98.0,2009,3,0.0,822.5,0.0
30.0,-95.0,2009,3,0.0,29.25,0.0
33.0,-95.5,2009,3,0.0,155.66,0.0
30.5,-95.0,2009,3,0.0,11.75,0.0
29.5,-101.0,2009,3,0.0,171.0,0.0
32.0,-96.0,2009,3,0.0,112.6,0.0
27.5,-97.5,2009,3,0.0,176.3,0.0
31.5,-95.5,2009,3,0.0,74.61999999999998,0.0
31.5,-96.0,2009,3,0.0,69.0,0.0
29.0,-98.5,2009,3,0.0,460.50000000000006,0.0
32.0,-100.0,2009,3,69.8,364.7000000000001,0.0
31.5,-103.0,2009,3,0.0,1080.0,0.0
30.0,-98.0,2009,3,0.0,8.629999999999995,0.0
27.0,-98.0,2009,3,0.0,2054.0,0.0
29.5,-94.5,2009,3,0.0,218.5,0.0
27.0,-99.5,2009,3,0.0,235.0,0.0
30.0,-95.5,2009,3,0.0,39.25,0.0
31.0,-96.0,2009,3,0.0,304.5,0.0
31.0,-100.5,2009,3,0.0,2389.25,0.0
33.5,-95.5,2009,3,0.0,153.0,0.0
32.5,-97.5,2009,3,0.0,48.90000000000002,0.0
32.0,-96.5,2009,3,0.0,176.0,0.0
32.5,-101.0,2009,3,0.0,514.2,0.0
33.0,-98.0,2009,3,0.0,534.0,0.0
29.5,-99.5,2009,3,0.0,782.5,0.0
27.0,-99.0,2009,3,0.0,675.0,0.0
34.5,-101.0,2009,3,0.0,205.75,0.0
32.5,-99.5,2009,3,8.0,101.0,0.0
30.5,-104.5,2009,3,0.0,175.0,0.0
30.0,-99.0,2009,3,0.0,348.9,0.0
30.5,-99.0,2009,3,0.0,270.0,0.0
29.5,-99.0,2009,3,0.0,188.0,0.0
32.0,-98.5,2009,3,0.0,390.80000000000007,0.0
31.5,-94.5,2009,3,0.0,8.0,0.0
32.0,-102.0,2009,3,0.0,1169.0,0.0
32.5,-95.5,2009,3,0.0,138.0,0.0
29.5,-97.0,2009,3,0.0,2.0,0.0
31.5,-102.5,2009,3,0.0,38.0,0.0
33.5,-96.0,2009,3,0.0,331.4,0.0
32.0,-99.0,2009,3,30.0,258.0,0.0
31.0,-101.0,2009,3,575.0,32.0,0.0
31.5,-103.5,2009,3,0.0,51.3,0.0
28.5,-98.5,2009,3,0.0,182.61,0.0
29.5,-98.0,2009,3,0.0,263.83,0.0
30.5,-100.5,2009,3,0.0,550.0,0.0
31.5,-100.0,2009,3,65.0,897.0,0.0
31.5,-99.0,2009,3,0.0,37.82,0.0
32.0,-101.5,2009,3,0.0,458.0,0.0
27.5,-100.0,2009,3,0.0,2200.0,0.0
33.0,-99.5,2009,3,0.0,1777.0,0.0
32.0,-100.5,2009,3,0.0,7.25,0.0
32.0,-103.0,2009,3,0.0,16.5,0.0
31.5,-99.5,2009,3,0.0,95.0,0.0
32.5,-96.0,2009,3,0.0,330.0,0.0
32.5,-98.5,2009,3,0.0,200.4,0.0
32.5,-98.0,2009,3,0.0,98.5,0.0
32.5,-96.5,2009,3,0.0,315.72,0.0
32.5,-103.0,2009,3,0.0,2.0,0.0
33.0,-98.5,2009,3,0.0,39.25,0.0
33.0,-97.0,2009,3,0.0,6.01,0.0
26.0,-99.5,2009,3,0.0,1.0,0.0
29.0,-99.0,2009,3,0.0,185.75,0.0
29.0,-99.5,2009,3,0.0,26.75,0.0
28.5,-97.0,2009,3,0.0,1004.1,0.0
28.0,-97.5,2009,3,0.0,501.0,0.0
29.5,-100.0,2009,3,0.0,122.25,0.0
29.5,-98.5,2009,3,0.0,41.11000000000001,0.0
29.5,-96.5,2009,3,0.0,1.0,0.0
30.0,-100.0,2009,3,0.0,195.0,0.0
30.0,-96.5,2009,3,0.0,63.6,0.0
31.5,-97.5,2009,3,0.0,46.0,0.0
31.0,-97.5,2009,3,0.0,59.54,0.0
30.5,-98.0,2009,3,0.0,133.51,0.0
33.5,-97.0,2009,3,0.0,4.0,0.0
33.5,-96.5,2009,3,0.0,382.6,0.0
33.5,-97.5,2009,3,0.0,10.71,0.0
33.0,-96.5,2009,3,0.0,24.11,0.0
36.0,-103.0,2009,3,300.0,2.71,0.0
34.0,-100.5,2009,3,0.0,3.0,0.0
33.0,-97.5,2009,3,0.0,17.0,0.0
33.0,-102.0,2009,3,0.0,510.9,0.0
33.5,-99.0,2009,3,0.0,197.0,0.0
30.5,-97.5,2009,3,0.0,57.57000000000001,0.0
31.0,-99.5,2009,3,0.0,160.0,0.0
31.5,-97.0,2009,3,0.0,92.5,0.0
31.0,-101.5,2009,3,0.0,1000.0,0.0
30.5,-97.0,2009,3,0.0,102.0,0.0
30.5,-99.5,2009,3,0.0,192.0,0.0
29.5,-95.5,2009,3,0.0,1.0,0.0
29.0,-98.0,2009,3,0.0,92.11,0.0
29.0,-97.5,2009,3,0.0,8.0,0.0
28.0,-98.5,2009,3,0.0,523.2,0.0
28.5,-97.5,2009,3,0.0,174.35,0.0
33.0,-99.0,2009,3,0.0,493.4,0.0
32.5,-101.5,2009,3,0.0,31.0,0.0
32.0,-97.5,2009,3,0.0,26.03,0.0
28.5,-99.0,2009,3,0.0,276.29,0.0
29.0,-96.0,2009,3,0.0,14.0,0.0
31.0,-98.0,2009,3,0.0,149.83999999999997,0.0
33.5,-98.5,2009,3,0.0,605.8,0.0
33.5,-98.0,2009,3,0.0,324.35,0.0
33.5,-94.5,2009,3,0.0,5.0,0.0
33.5,-102.5,2009,3,0.0,4081.25,0.0
34.0,-100.0,2009,3,0.0,5.0,0.0
34.0,-101.0,2009,3,0.0,51.1,0.0
34.0,-101.5,2009,3,0.0,1.0,0.0
34.0,-98.5,2009,3,0.0,130.02,0.0
36.0,-100.5,2009,3,0.0,646.0,0.0
35.5,-100.5,2009,3,1.3,11.1,0.0
35.0,-100.5,2009,3,8.0,298.0,0.0
33.0,-102.5,2009,3,0.0,1.0,0.0
31.0,-100.0,2009,3,3.0,75.25,0.0
31.0,-97.0,2009,3,0.0,46.0,0.0
31.5,-98.0,2009,3,0.0,336.5,0.0
31.5,-101.0,2009,3,0.0,30.0,0.0
29.0,-101.5,2009,3,0.0,1.5,0.0
29.0,-100.0,2009,3,0.0,31.0,0.0
28.0,-99.0,2009,3,0.0,200.0,0.0
28.5,-99.5,2009,3,0.0,19.2,0.0
26.5,-99.5,2009,3,0.0,4.0,0.0
31.5,-102.0,2009,3,0.0,2.25,0.0
32.0,-97.0,2009,3,0.0,71.1,0.0
32.0,-102.5,2009,3,0.0,20.0,0.0
30.0,-99.5,2009,3,0.0,17.0,0.0
30.5,-102.0,2009,3,0.0,0.25,0.0
33.5,-102.0,2009,3,0.0,30.0,0.0
34.0,-103.0,2009,3,0.0,1.5,0.0
36.0,-101.5,2009,3,0.0,4.0,0.0
30.5,-96.5,2009,3,0.0,23.6,0.0
29.0,-96.5,2009,3,0.0,87.0,0.0
33.0,-96.0,2009,3,0.0,191.75,0.0
31.5,-96.5,2009,3,0.0,51.1,0.0
28.0,-99.5,2009,3,0.0,43.0,0.0
30.0,-104.5,2009,3,0.0,1.0,0.0
32.5,-100.5,2009,3,80.0,517.0,0.0
32.0,-98.0,2009,3,0.0,186.5,0.0
30.0,-101.5,2009,3,0.0,126.0,0.0
31.0,-98.5,2009,3,0.0,61.75,0.0
33.5,-100.5,2009,3,0.0,1.0,0.0
34.5,-102.5,2009,3,0.0,1.25,0.0
32.5,-99.0,2009,3,3.0,12.5,0.0
29.5,-97.5,2009,3,0.0,100.2,0.0
32.0,-101.0,2009,3,0.0,501.0,0.0
30.5,-101.5,2009,3,0.0,3.01,0.0
31.5,-98.5,2009,3,0.0,355.0,0.0
30.5,-101.0,2009,3,125.0,10.0,0.0
29.5,-100.5,2009,3,0.0,7.0,0.0
33.5,-101.0,2009,3,0.0,22.0,0.0
30.5,-100.0,2009,3,0.0,20.0,0.0
31.0,-96.5,2009,3,0.0,26.5,0.0
31.0,-103.0,2009,3,0.0,30.5,0.0
34.5,-102.0,2009,3,0.0,0.1,0.0
31.5,-100.5,2009,3,0.0,16.25,0.0
31.0,-99.0,2009,3,0.0,300.0,0.0
28.0,-100.5,2009,3,0.0,300.0,0.0
29.0,-100.5,2009,3,0.0,1.0,0.0
33.5,-100.0,2009,3,1.0,30.0,0.0
35.5,-103.0,2009,3,1.25,8.5,0.0
33.0,-100.5,2009,3,0.0,210.0,0.0
34.5,-100.5,2009,3,0.0,2.0,0.0
35.5,-101.0,2009,3,0.0,201.0,0.0
36.0,-102.0,2009,3,0.0,0.5,0.0
34.0,-99.5,2009,3,0.0,105.0,0.0
41.0,-71.5,2009,3,0.0,0.25,0.0
18.0,-66.0,2009,3,0.0,0.0,107.75
17.5,-66.0,2009,3,0.0,0.0,13.0
18.0,-66.5,2009,3,0.0,0.0,85.75
18.0,-67.0,2009,3,0.0,0.0,347.25
17.5,-66.5,2009,3,0.0,0.0,333.0
18.0,-67.5,2009,3,0.0,0.0,455.75
17.5,-67.0,2009,3,0.0,0.0,53.0
22.0,-160.0,2009,3,0.0,0.0,0.2
21.5,-159.5,2009,3,0.0,0.0,0.05
19.5,-155.5,2009,3,0.0,0.0,0.1
21.0,-158.5,2009,3,0.0,0.0,19.010000000000012
21.5,-158.5,2009,3,0.0,0.0,6.309999999999999
21.0,-158.0,2009,3,0.0,0.0,1.11
20.5,-157.0,2009,3,0.0,0.0,0.01
20.5,-156.5,2009,3,0.0,0.0,0.27
20.0,-156.0,2009,3,0.0,0.0,125.0
19.5,-156.0,2009,3,0.0,0.0,1.6
19.0,-155.5,2009,3,0.0,0.0,600.0
38.5,-121.0,2009,3,0.0,2.41,0.0
33.0,-117.5,2009,3,0.0,78.0,0.0
36.5,-122.0,2009,3,0.0,0.0,1.0
38.5,-121.5,2009,3,0.0,0.51,0.0
37.0,-122.5,2009,3,0.0,1.55,0.0
35.0,-120.5,2009,3,0.0,1.0,0.0
38.0,-123.5,2009,3,0.0,0.01,0.0
41.5,-123.0,2009,3,0.0,0.1,0.0
38.0,-121.0,2009,3,0.0,1.0,3.0
37.0,-118.5,2009,3,0.0,61.01,0.0
39.0,-124.0,2009,3,0.0,0.25,0.0
37.5,-120.5,2009,3,0.0,0.9,0.0
40.0,-124.0,2009,3,0.0,0.1,0.1
37.0,-119.0,2009,3,0.0,2.0,0.0
37.0,-122.0,2009,3,0.0,0.0,0.1
37.0,-121.5,2009,3,0.0,0.0,1.0
